0	doc_label,doc_content	0.19632807478743775	0.017518895853334274	0.02951226901223833	0.01530521337910362	0.03199889745664857	0.2540513227813935	0.018826379225888437	0.015925803962634995	0.11850327615101414	0.016335707248408275	0.04331741745333689	0.04089860169707083	0.013457365049577348	0.15255003010697543	0.017117888617814735	0.018352857217122754
1	Pilot-(The-Office),look	0.3465175550007853	2.1017135584006425E-4	3.540539109397314E-4	0.027107870949586922	0.0015545054497690008	0.15874025397022773	2.258570220743177E-4	0.0013616791506425056	0.004933524189309937	1.959768337997678E-4	0.18430699008668838	0.06721598592926172	1.6144582867453147E-4	0.20668859353017305	2.053605369907258E-4	2.2017625523629503E-4
2	Diversity-Day,uh	0.24552109202764227	1.9855002567545645E-4	3.344766598978132E-4	1.7346130343088922E-4	3.626588093675246E-4	0.24506940624124807	0.00684871414342556	1.8049475333125204E-4	2.371633426929984E-4	0.003502813274989917	0.09117399604895898	0.005992978233543922	0.002364300682301216	0.20963642366453697	0.18819546908027726	2.0800170867984094E-4
3	Health-Care,ding	0.24059846889382117	0.004881222684072279	3.5322692203956183E-4	0.0025189564053112886	0.0015508744808332246	0.23895357671655665	2.2532947176486038E-4	0.002526384139911316	2.5045836557222007E-4	1.9551907677114856E-4	0.10329238749482444	0.2831178133897278	1.6106872817043549E-4	0.11277497147421932	0.004876423102194672	0.0037233186542095687
4	The-Alliance,come	0.27954234699152947	0.17339527220270257	0.0014277362587692458	0.0034605185455831022	3.594784575442327E-4	0.262651730190733	2.1149721719111942E-4	1.7891189693007215E-4	2.3508352869187953E-4	1.8351678686766203E-4	0.1364145396781757	0.03553762832227162	1.511812348280329E-4	0.10585207717743765	1.923038818785137E-4	2.0617762886608582E-4
5	Basketball,ready	0.4035082049591112	0.0015254331009560882	3.9114208506672464E-4	2.0284828221819192E-4	0.0017173444045749727	0.1119997173970494	2.4951620024936784E-4	2.110733053336486E-4	0.01062330790204837	0.00150975166155995	0.12084595799002137	0.12081390011477276	0.04026897401277721	0.17790324146289335	0.007986346764759653	2.4324035660763406E-4
6	Hot-Girl,listening	0.3223300515858231	1.9616373297827555E-4	3.3045671979366914E-4	1.713765419698295E-4	3.583001593728043E-4	0.13504924464728005	0.008951601622394596	0.020937719879836614	2.3431297210864814E-4	0.002368114668354263	0.1195784046253366	0.003735751632057241	0.05478067100933253	0.3294880551286375	1.9167354838391714E-4	0.001298101526340293
7	The-Dundies,annual	0.21729512959996838	2.0212650365880144E-4	3.4050158185890453E-4	0.013686322150031538	0.19288293352707528	0.21008043946010363	0.0013430231180616928	1.8374600202387967E-4	0.01825441708340002	0.0013142866712682608	0.08268400935480341	0.0038493069257048416	0.0024068887872762293	0.25169018689093814	0.003574933904170592	2.1174843965638367E-4
8	Sexual-Harassment,	0.3015249629478737	1.780697500169166E-4	0.006250890856891373	0.004122845706509406	3.2525084449531007E-4	0.2247497898415995	1.9135958513273428E-4	1.6187686451170328E-4	0.008147253728782384	0.01801878888885503	0.18095139152388778	0.009342084139942357	0.0011286057668031956	0.24157083172090155	0.0031494513342854094	1.8654649951168099E-4
9	Office-Olympics,	0.2665352011396391	1.9531014972932976E-4	3.2901877651926836E-4	0.0023463215934828143	0.001444586446787181	0.17471187321581697	0.15142039563170345	0.0034410856619107462	0.0013211387750824287	0.037168862517652064	0.13646359957126572	4.5595978696653017E-4	1.5003000216448915E-4	0.20839133419079758	0.0012786848917595017	0.01434659764872277
10	The-Fire,sure	0.2460827017191309	1.9811184547595336E-4	3.337385031080341E-4	1.7307849155118868E-4	3.6185845737109646E-4	0.1584594333468209	0.03000605752936007	1.800964193257293E-4	0.006857342180528896	0.00570198365836298	0.13842115009804384	0.007083202697716869	0.09504891417847369	0.3029670585304645	0.007917729674711224	2.0754266955407778E-4
11	Halloween,happy	0.33481135639912546	2.1017135584006425E-4	3.540539109397314E-4	0.017742912068259023	0.005066365030266963	0.2547310825038387	2.258570220743177E-4	1.910592904765183E-4	2.510447486459872E-4	0.002537216554131743	0.0613919047692597	0.12925883851805905	0.0013320656888405188	0.1551813196828696	0.03532395634197035	0.0013907961154022825
12	The-Fight-(The-Office),desk	0.3066226756761469	0.02253107466943058	3.553016805505399E-4	1.8426126545963218E-4	0.013307437904726471	0.17927036393814502	0.015498343209313628	1.9173262854496799E-4	0.008475147297039137	0.007245139908796446	0.12739400680184007	0.04865694452338813	1.6201480190879735E-4	0.2532320835955109	0.009604047484488584	0.007269424614710097
13	The-Client,left	0.3230328098130478	2.1165798206426676E-4	0.0027143585232412082	1.8491294234548118E-4	0.061689407390956706	0.20112459172468142	0.02026875669969733	0.00490801122361415	0.025009723083363546	1.9736305648124786E-4	0.13020236148002112	0.012283125726985861	0.027277290641430512	0.1904670829275807	2.068131343653131E-4	2.2173365012330363E-4
14	Performance-Review,even	0.286531100615094	0.001206999843482339	0.0013327728202162641	1.605038232975036E-4	3.3556836196148846E-4	0.2492750246454717	1.9742984104549364E-4	1.6701187770301807E-4	0.014545387145772548	1.7131048125196602E-4	0.2982291557228563	0.03522046650387336	1.4112567322428703E-4	0.09574166282653852	0.016552015742159615	1.924640760515751E-4
15	E-mail-Surveillance,morning	0.34813124032114673	0.010242182598177291	3.374622313563035E-4	0.09501480131581726	0.08181654055656526	0.17138508644424386	2.1527290698298014E-4	0.012455490672814602	2.3928028594147704E-4	0.001302555219587263	0.0763671525056434	0.02166714371559906	1.5388015187593567E-4	0.18026631579343957	1.957369284849273E-4	2.0985835232409839E-4
16	Christmas-Party,door	0.30828210385494886	0.0044736914332981536	3.237361532992628E-4	0.23029943656336732	3.5101333510267056E-4	0.22114420058846207	2.0651680792875855E-4	1.7469881800425403E-4	0.0034406855428228003	1.7919527040870798E-4	0.02509389580096265	0.002589397599651002	1.4762116707757976E-4	0.20290470913368344	1.8777544388195024E-4	2.013224871004694E-4
17	Booze-Cruise,	0.2032836549688343	2.1341918135917668E-4	3.5952518614036665E-4	0.008507419593281716	0.03248498013177629	0.17783523902690088	0.002606766669246191	1.940117729249132E-4	2.5492419995291063E-4	1.9900530815787257E-4	0.08849222146787798	0.03615952749808526	0.23196233486915	0.208693889421484	0.006152082588595347	0.002600998116232783
18	The-Injury,lord	0.30099712096077347	1.9094799003245783E-4	3.216702979663848E-4	1.668198587527704E-4	0.0024758711692122546	0.09210714940355742	2.0519896361436655E-4	0.0012371328901839155	0.0034187295193606132	0.01613128492137883	0.08449250138072298	0.015335460413035441	0.18094998816992058	0.3015835090785103	1.865771937076224E-4	2.0003778927056622E-4
19	The-Secret,much	0.3605409660917969	0.028328246005244424	0.0015917539681811505	0.0038580613842816402	0.02973172599494789	0.18527822504924574	0.0014579168743535217	1.9946521645303872E-4	2.6208982040695295E-4	0.001426722064580201	0.14719728980985158	0.0017343638683730053	0.08205078654978266	0.15467600546172047	0.0014365186171762419	2.2986322360453166E-4
20	The-Carpet,nothing	0.39096643160066025	2.005460643996267E-4	3.37839179561137E-4	1.752051232950027E-4	3.66304646353425E-4	0.15705541363099362	0.006917564795015981	0.001299317852068235	2.3954756407175898E-4	1.8700161387335493E-4	0.21719553522290602	0.031744423240365915	1.5405203732449685E-4	0.1704145976737278	0.022536126989480997	2.1009276590235263E-4
21	Boys-and-Girls,	0.34788331926647575	1.8315616854091966E-4	3.0854422347637353E-4	1.60012609509538E-4	3.3454137205673714E-4	0.20260539401180605	0.012438622176760792	0.0022068001729626313	0.11447554363242964	1.707861942369582E-4	0.09940739617786612	0.038173125197379434	1.4069376527904635E-4	0.17706062740156944	1.7896372688079264E-4	0.00427247390276973
22	Valentine's-Day,	0.3048213067067732	0.02481701877679976	0.0018814780546112019	2.2658356820815515E-4	0.026475954047889664	0.2897856086457123	2.78712101280846E-4	2.3577100162250426E-4	3.097942617326359E-4	0.01324295510908705	0.14365355909771857	0.002050045184296367	0.014644911573057287	0.17705118092325567	2.5341902704275704E-4	2.7170192091199803E-4
23	Dwight's-Speech,let	0.24247739163869575	0.010170414709416315	3.7606539175521954E-4	0.010142206462651284	0.10112291913597453	0.23450916059839166	0.005213487035990698	2.0293741913715756E-4	2.6665216462956837E-4	0.008911940587159066	0.13235207563165322	0.006738143426410524	0.006388468536763515	0.2108346138161943	0.03005965886376109	2.338645814160465E-4
24	Take-Your-Daughter-to-Work-Day,	0.3615898524347539	0.00587084004209427	3.428172672975537E-4	0.0058451257001653064	0.0026386377411160376	0.17070431573082226	0.0024856245417099274	1.8499562306520867E-4	0.024045900760527802	0.027392983890580883	0.1127164896782651	0.009542824233184055	1.5632200660032594E-4	0.2681369643792182	1.9884298951834708E-4	0.008147462981080836
25	Michael's-Birthday,recruited	0.29144523922024884	0.21162126352172297	3.612428376207786E-4	0.01929756382331979	0.001586069077110431	0.14165880267973793	0.0026192206413213803	1.949386749107221E-4	0.005033697475299029	1.9995606703470338E-4	0.056666499269087844	5.00616436020055E-4	0.002553501603741704	0.26224404500121823	0.001403919142878976	0.002613424528726599
26	Drug-Testing,	0.1854368545259029	0.0013175546354580907	3.37839179561137E-4	0.0012922136943534666	0.0070683560727042094	0.20396977361544913	2.155133686651968E-4	0.001299317852068235	2.3954756407175898E-4	1.8700161387335493E-4	0.0217190352876748	0.055201603232593655	1.5405203732449685E-4	0.26424331764263875	0.23923578977482302	0.018082229902837775
27	Conflict-Resolution,uh	0.24842194192986844	0.1366045036613921	3.0791598267347864E-4	1.5968680062179103E-4	0.011532658142654886	0.2826205907339563	0.007322932634961806	0.011364959672037137	0.0419593044427273	0.0011885109892555952	0.07375317478492766	0.0116255131235971	1.4040729236094944E-4	0.16651938087117193	0.0062870345736962185	1.9148436409728266E-4
28	Casino-Night,converting	0.39143475346003165	1.7701634078463884E-4	0.0012841529749507462	1.546486085640711E-4	0.13244087911034022	0.20665905295496292	0.008077842623099013	0.0011468711309684707	2.114418618126496E-4	0.0011510129205156343	0.0497352867429518	0.019146337899767538	1.359773776625247E-4	0.1316870612641939	0.008060579505706341	0.04849708522368785
29	Gay-Witch-Hunt,	0.3552332843209216	2.2776899590941133E-4	3.836988321753509E-4	1.9898817326859325E-4	0.044818281980408416	0.18598656373757927	0.00278203966036718	0.014162050686744707	0.031987960190845446	2.123859670489389E-4	0.17944083463763677	0.032247631807612705	1.7496368210587093E-4	0.12884693561325034	0.01798345683304583	0.005313154881079601
30	The-Convention,see	0.3666926678184871	0.002699960566849324	3.7466780912085373E-4	0.05717801242833573	0.010316446412606895	0.15559474331148704	0.03368596589899728	2.0218323696813276E-4	0.006459542479011192	2.0738709187906584E-4	0.13681531683055415	0.001757997244952152	1.708456058588321E-4	0.21996129312577795	0.007649974675370142	2.3299546374410437E-4
31	The-Coup,	0.3254123635338653	0.0031946412888518784	4.433136051382747E-4	2.29904698879213E-4	4.8066607776156746E-4	0.24712937213697508	0.0017485393665474564	2.392267963697879E-4	3.143350465410594E-4	0.01930003093177229	0.11791005051052392	0.13546262145193855	2.0214755474463867E-4	0.14446848500399406	0.003188617625839354	2.7568437025756224E-4
32	Grief-Counseling,pencil	0.3079805211811996	2.126608054636102E-4	3.582476288314056E-4	1.8578904927807582E-4	3.884326594579996E-4	0.21747582242657998	2.2853226616897918E-4	1.9332236042175703E-4	2.5401833775622507E-4	0.0049362408906756	0.024215541178227103	0.04669140733351102	1.6335813140394207E-4	0.23637996108389142	0.1601133604556723	2.2278421146097133E-4
33	Initiation,two	0.22977381039130124	2.194181443902062E-4	3.696310177092278E-4	0.03563325809655162	0.004067144035037515	0.19627733160349303	0.036899482438039276	1.9946521645303872E-4	0.014927565226070024	0.008759459767411736	0.17897248652212158	0.0041786097693168505	0.0038349177195796187	0.2854431611622162	2.1439566670431956E-4	2.2986322360453166E-4
34	Diwali,dress	0.23853009560054086	2.7275197641666806E-4	0.0019786606162268757	0.10506195667036237	0.08253410666055556	0.1300475693910395	0.006369842673273829	2.479491026831105E-4	0.006402530297029244	2.54330893651579E-4	0.06599930509997382	6.367509995460737E-4	0.024516455804102485	0.2910199410907055	0.045842017189346614	2.8573593454580756E-4
35	Branch-Closing,faxing	0.3369220273666872	2.1995577038034733E-4	3.705367005206246E-4	0.001417279663345418	4.01757176954694E-4	0.18450708277955283	2.3637167437779648E-4	1.9995395308323994E-4	2.627320020259517E-4	0.0026553353074930948	0.1340816659169697	0.11322430039344186	0.0013940792912289508	0.22121133969750217	2.1492098644446326E-4	0.002680661319991585
36	The-Merger,branch	0.37423221768954035	9.47231599903658E-4	0.007470357603783166	0.001732065904193958	2.6334796818263344E-4	0.2157028388122522	1.5493936077298607E-4	0.0017371733073308214	1.7221830219573753E-4	9.374940670556516E-4	0.18987693705823108	0.021215962078515414	0.01617180699893428	0.1329561165004933	1.408786409964727E-4	0.036288414107618266
37	The-Convict,ohhhh	0.3078024680832994	2.2103896514371037E-4	3.723614465272591E-4	0.006348861823690126	4.037356714014109E-4	0.19649606274073808	0.005162138332144638	0.026055102408142735	0.01257553240573086	0.012517617021107786	0.044867967003506114	5.160247923515548E-4	1.6979392246079105E-4	0.1865973486371183	0.1972000842348826	0.0026938625117545636
38	A-Benihana-Christmas,bring	0.2778510623683467	0.0021235880281876224	8.698957699683485E-4	0.19846865507016623	0.0028905918055825235	0.23149372998454248	1.2886170920197048E-4	7.768999215740271E-4	1.4323245343266888E-4	0.013469651737910596	0.03369109163767351	0.001615724181683141	9.211219219778368E-5	0.2361421150346017	1.1716753172523364E-4	1.256205732053903E-4
39	Back-From-Vacation,let	0.26270852262538125	2.5493639730466544E-4	4.2946493895813667E-4	0.08116008778781522	0.0033055581049173163	0.22236985659932904	2.7396300168231933E-4	0.003071661141135492	0.11958063249629489	2.3771854049467944E-4	0.03754915668759077	0.011954789964635667	1.958326707159464E-4	0.2521317845455572	2.491009073986622E-4	0.004526933590788729
40	Traveling-Salesmen,could	0.33513410635786345	0.001330934623899822	3.4126999312745284E-4	1.769843607258696E-4	3.7002453151223455E-4	0.21168288080054645	0.028426501457081692	0.04418988790417758	0.004755388132025253	1.8890064664579145E-4	0.08738401060847387	0.07832922438882303	1.5561646161731585E-4	0.19471222612413183	0.003583001471672873	0.009239042137675449
41	The-Return,left	0.29559975297482527	2.66675050892178E-4	0.004905248257799836	0.05816108759808482	0.03019381446859204	0.19399023044438043	0.035934645144731686	2.4242478623024788E-4	0.01665723464439283	0.0032193366740824857	0.18484106528200836	0.013990589436001703	2.048498683658555E-4	0.15531176021341392	0.006201915430311022	2.7936972588723917E-4
42	Ben-Franklin,son	0.2512237775004836	2.312900703228338E-4	0.005542620917201374	0.1303150743426896	0.06483484088259614	0.15407903887728477	2.48551884293058E-4	0.00922799092879103	0.006717508676769274	2.156692356578212E-4	0.07013726210202709	5.399564300064448E-4	0.02207787804748785	0.25064580574258805	0.028567443570907982	0.005395290790893072
43	Phyllis'-Wedding,lost	0.31178056710770236	0.013127724164285438	4.325358434732666E-4	2.243152966558981E-4	0.2335764544449173	0.1996480978023127	2.759219839938574E-4	0.013104375592056435	0.004597014600391012	0.003099632763278581	0.039247760488885806	5.994154896929091E-4	1.972329792816945E-4	0.1795690873498721	2.5088211240950495E-4	2.689819807911323E-4
44	Business-School,hey	0.27631030958441355	2.492730969120002E-4	0.0018083346856897	0.005771415511361758	0.004620536701823564	0.12579493957593882	0.04330859082260808	0.023829577367796274	0.004462981226723755	2.324377272488625E-4	0.13668054742023175	0.043622652353493614	0.17374274761194594	0.14656525859653216	2.435672398580552E-4	0.012756830477422081
45	Cocktails,confirm	0.3421129094401036	2.2748040611809451E-4	3.8321267484975064E-4	0.0724193560658533	0.0384263538366546	0.19462011242470154	2.4445789437256516E-4	0.005274908016655434	2.7172000269752204E-4	0.03315485582277572	0.05504469270909591	0.004332147872159575	1.7474199814794086E-4	0.23511407027620296	2.2227338339497483E-4	0.017976707176216505
46	The-Negotiation,want	0.35444122291543706	0.0027286361012332145	0.004550489404632457	1.346082958430826E-4	0.018303338440872723	0.19275170179292728	1.6557670655885194E-4	9.982525541271552E-4	0.04395153848449037	1.4367141833526755E-4	0.05358851852687937	0.10849116245160874	1.1835659725823177E-4	0.19271719113280902	0.026754323063829605	1.6141211315754946E-4
47	Safety-Training,morning	0.25396503375462204	1.6949616303304037E-4	2.8553262727577946E-4	1.4807867823851944E-4	0.0012536566084214674	0.1931592364558815	1.8214612777583844E-4	1.5408292209062176E-4	2.024591861008374E-4	0.019983429105368104	0.14014082628015276	0.00133976167654386	0.0010742663873674842	0.1629111688913579	0.22390919462537218	0.0011216305103980645
48	Product-Recall,	0.27772130216472996	0.022989911333863	0.009226348454784341	1.555689093187822E-4	0.013218900435364837	0.21086432105143232	0.20153065704255688	1.6187686451170328E-4	0.006163615330187071	1.660433014972208E-4	0.0411048844229183	0.04108029851746734	0.020964989752756312	0.15131528458481486	1.7399373639244217E-4	0.0031620040974046485
49	Women's-Appreciation,	0.22970168727220322	1.59838677110801E-4	0.006501189528083077	0.015274318614682309	0.007414152120607395	0.26227824635961733	1.7176787712220757E-4	0.0010355787696097048	0.18625842442896018	1.490435161048092E-4	0.03511594872716971	0.019959202861706413	1.2278213449805873E-4	0.19458153588025134	0.019742232696967614	0.021534050535305764
50	Beach-Games,ok	0.1989824191874708	0.0026142183103474116	0.024914690928155805	1.2896387010294548E-4	0.005202830472410002	0.2183794159419749	1.58633706362509E-4	0.056866030816504425	9.985251909769796E-4	1.3764695567719382E-4	0.08916265773006729	0.11134169122689663	1.1339364144711163E-4	0.29070000055259243	1.4423772537262334E-4	1.546437436408707E-4
51	The-Job,set	0.36086476610947066	1.0762098256104418E-4	1.812979205592143E-4	6.934531868350929E-4	0.012185196813516609	0.24672801645401235	0.013902569704397722	0.0036944213582491385	0.0019268442151262985	1.0035249250988996E-4	0.0829876048746459	0.11414316605918119	0.0018809639201394102	0.15499094381016423	0.001304019859356269	0.004308762239274968
52	Fun-Run,ok	0.23868197372265434	6.917107226682092E-4	0.006628037739817446	0.006542655534356799	1.9230842109083072E-4	0.22612753436737254	0.0030452679756663176	0.007719234927859307	0.006576435049080644	0.0071352735130904565	0.0735634397336541	0.02898061289973403	0.1355450216680977	0.2167211542571391	0.024732720404267827	0.017116619063450297
53	Dunder-Mifflin-Infinity,gotcha	0.33547666840282125	0.02464452799740838	0.018711295328243983	6.310395044184793E-4	7.243610261237032E-4	0.21306638783121526	0.02737923639066213	8.902889579486715E-5	0.0012079403377019031	0.0017277599059936698	0.14915815396868	0.009501790049952219	0.006620987983656773	0.19831649617251465	9.569292235162112E-5	0.012648633282461078
54	Launch-Party,thing	0.2346174733392677	0.003972635417818169	0.009020592322739	0.11462556339447655	1.814546500912224E-4	0.2537579336302993	0.02721980071305498	9.030971111977814E-5	1.1866357648356725E-4	0.0028592711555531156	0.14743072778466693	0.0024452314064196197	7.631205011138712E-5	0.190103030829439	6.503970147893583E-4	0.012830603003670284
55	Money,coat	0.26749422616377605	0.0019551372084052926	0.005105278237645402	9.645026965812494E-5	0.04447533293194467	0.2469509693056303	0.08497653145758714	1.003611023689329E-4	0.0044362565303820494	0.04253188999433732	0.04331683537457002	0.03407790863869636	0.0228365590411328	0.19096922610785494	7.227856292791063E-4	0.009954252006731461
56	Local-Ad,everything	0.32558244484935245	1.968088327970238E-4	0.0014277362587692458	0.02319198905607867	0.006936635294376089	0.1179542797804322	0.11092697063719402	0.0023712975092073573	2.3508352869187953E-4	0.008953059235976803	0.05200769360550024	0.057461484445044474	1.511812348280329E-4	0.28891627580259094	1.923038818785137E-4	0.0034947560472820137
57	Branch-Wars,yes	0.35556877065997305	0.02633159096051844	0.0013620416093601917	0.01271307082252904	0.004525951787329941	0.15226546489508147	0.10059410318732843	1.7067959613100027E-4	0.02323084396614829	1.7507260055531055E-4	0.06739246533936685	0.008804345524947136	1.4422490927542905E-4	0.2285634182344875	0.017961265161243665	1.9669074572422067E-4
58	Survivor-Man,	0.30938235911848494	0.20470271577613658	3.1398960232384665E-4	0.011582530005194694	0.002416753454517808	0.22486787003488243	2.0029931700213594E-4	1.6943925425868305E-4	0.004375252610951091	1.7380033437888046E-4	0.05236856383384977	0.001473286048043941	1.4317681566576192E-4	0.1874525802263356	1.8212218916487506E-4	1.952613788089638E-4
59	The-Deposition,figures	0.2579116042123803	1.8447350267700242E-4	0.007503172733225105	1.6116348569563543E-4	0.00136443457817153	0.2544094802724652	0.028967878601047593	1.676982878675776E-4	0.19338791422062548	1.720145584544033E-4	0.06313284114733622	0.0250903503201699	0.0021966797876856	0.1649767882915054	1.802509072603494E-4	1.9325509343268184E-4
60	Dinner-Party,ridiculous	0.38138625670494647	1.9789347984194624E-4	0.0014356047568035784	0.01670639939340446	0.12160721188702056	0.11860434593438245	0.0189506427126144	0.02222458014406983	2.3637911411394518E-4	0.006797932849128659	0.034658571088774764	0.008177629461741701	0.01778776020692708	0.22657896419943852	0.004602300148002741	0.020047527918788853
61	Chair-Model,offices	0.2992575399139209	0.013650391730785975	0.03284113924230754	0.010262672743069108	0.013816707641633534	0.2068971082874188	0.015906937921476447	0.0013036865391829575	0.01368952436492132	1.876303680613009E-4	0.06438110372191116	0.0015905217009044791	1.5457000538703447E-4	0.23150885262887194	0.09434081403084194	2.1079915930550112E-4
62	Night-Out,	0.3901539321405226	1.903406801827364E-4	0.01516297487525618	0.015008616937675873	0.030032319441209758	0.17132667227678489	0.05851369066502034	0.03515851853174651	0.02037051642489483	1.7748547939088887E-4	0.07468227673702826	4.443583505898671E-4	1.4621264025132177E-4	0.1840060344222986	0.004426648827821911	1.9940156932543945E-4
63	Did-I-Stutter?,everybody	0.2327735714100004	1.840951918267373E-4	0.0013355060171876963	0.004262352651923108	0.0013616364505385171	0.36873029839546306	0.015578533499100797	0.009395773645074107	2.1989738313458622E-4	1.7166179790656025E-4	0.15836370326889432	0.02606427595589693	1.4141508808689307E-4	0.16566384043851162	0.0022306410928547293	0.013522797713599911
64	Job-Fair,ready	0.3332397996668854	0.010815943327609445	0.01759005650245241	2.07408187869566E-4	4.336321991020973E-4	0.15683154865150595	0.002899759292524204	0.0028604522247800807	0.004250528082976221	0.008155275258728506	0.15000884261524508	0.07989325991076415	0.016050171842637028	0.2162826413778048	2.3197260766200174E-4	2.487082514530257E-4
65	Goodbye-Toby,yes	0.3681266449074531	0.006034214565937373	0.015317979502362432	0.038229691311739256	0.016649441098165265	0.1791973029919811	1.2682872019871542E-4	1.0728825285422392E-4	0.007371876573224644	1.100496712085501E-4	0.1173009899175929	0.006849072829374791	9.065898259065123E-5	0.2238710012209901	0.017206546268516903	0.00341041318580995
66	Weight-Loss,everybody	0.29754573740731644	0.02429785802522227	0.0034662207682545085	0.007236004148909057	0.03757898985651451	0.25002283466099245	0.0017560516957302685	0.08423668753293061	0.0012179054812318287	0.0033919530939271717	0.07229151844677485	0.0018804584005711383	7.585037908368466E-5	0.2142520247742033	6.464622566771843E-4	1.0344307166069031E-4
67	Business-Ethics,	0.24943772472227457	0.0012057660055391991	0.010531528828792595	1.6033975061077307E-4	0.0013574607116769702	0.3103543296700771	0.006330640298681049	1.6684115225282207E-4	2.1922302247984286E-4	0.0011933707411844819	0.13743334073658517	0.009628578407744677	0.1391649930307267	0.12835532445765357	0.003246035751689373	0.0012145027120310818
68	Baby-Shower,contractions	0.23538056415682626	2.1782092071243267E-4	0.017352113825047394	0.00746965719872906	0.01374335124894649	0.16209143794244438	0.011153117592256052	0.2440565754091826	2.601819742348837E-4	0.0014163364409596818	0.04785442686153093	0.0053614188417075125	0.00987313536003951	0.24211561058002656	0.001426061680921982	2.2818996643425137E-4
69	Crime-Aid,line	0.31030661121330866	0.0277504989665805	0.0016295936810957624	0.12156028950231129	0.01792676192661372	0.17216626220915146	2.4139929667478603E-4	2.0420697094394063E-4	0.0027706716481294136	2.094629133481118E-4	0.06436539226627915	0.010533823441985179	1.7255566878184532E-4	0.1758694750822513	2.1949235290105536E-4	0.09407350285964379
70	Employee-Transfer,guys	0.3165528833099083	0.0024816883481616264	3.4437863565225783E-4	1.785965186098251E-4	0.016314217698154103	0.18172946374764404	0.03779448112258939	0.0013244683750272574	0.01960089757206913	0.04915171932953425	0.04377341794936298	0.022111219265248953	0.016097856576255905	0.2921308034564356	1.9974862403855707E-4	2.1415947130776265E-4
71	Customer-Survey,sport	0.3089590373634107	0.004010117940406281	2.9018991936741623E-4	0.00686674397502526	0.04828785487636274	0.3095266218034293	0.07502333139429732	0.008791774725264424	2.0576147619392698E-4	1.606266724954124E-4	0.050318076836146475	0.02630768581922387	1.3232434541089698E-4	0.14350071693710126	1.6831775000709508E-4	0.01745081816585759
72	Business-Trip,common	0.3447457529149537	0.012432093326833642	3.3633641691930514E-4	0.0012864657214047388	0.03928607311184303	0.16191700575337936	0.022455353500529518	0.01908617729449688	0.0024625618952138235	0.05022796703277443	0.07722442247340665	0.001578140635323417	0.007937646358667097	0.2586197613978987	1.9508392663919076E-4	2.0915823971646944E-4
73	Frame-Toby,whole	0.2586733077866904	1.8428415309661256E-4	0.005442606430356567	0.0032402952671621516	3.36601676680526E-4	0.2839148857859035	1.9803778620318695E-4	0.008378985369951727	2.2012309293366922E-4	0.005304000005288375	0.10104603841388801	4.3021913251147686E-4	1.4156024111538484E-4	0.2120233412454691	0.12027265688260626	1.930567301430025E-4
74	The-Surplus,final	0.2631571901905521	1.8600242332333965E-4	0.00549335343398076	1.6249921238342522E-4	0.020023794955161923	0.24304999442286557	0.23640854184419688	1.690881751465386E-4	2.2217552636566763E-4	1.7344021908357238E-4	0.06572809335932818	4.342305068697228E-4	1.4288015247786292E-4	0.15909209953129616	0.005361759250862461	1.9485679610580994E-4
75	Moroccan-Christmas,happy	0.31632042639733093	0.008288084027813777	3.4914925826902806E-4	0.2299073569226575	0.002687374581256696	0.14153400557430043	0.0036859386073272026	0.002497219474267247	0.014100408452585252	1.932619978056086E-4	0.02475494553356704	0.010873487989418052	1.5920934521730665E-4	0.24422948993964394	2.0251571004463936E-4	2.1712618849531787E-4
76	The-Duel,	0.27122224593208993	0.030622792635439017	0.0015840105456148088	0.006271648383518334	0.010128246935286486	0.3108593783755967	0.009964068261646471	0.0014146725517533594	2.6081482925234214E-4	0.0014197814744817251	0.1002664658953847	0.015103881124510297	0.017194216388913677	0.22324567896718212	2.1335269380972008E-4	2.287450055203228E-4
77	Prince-Family-Paper,	0.23880312584878988	2.0512867414338714E-4	0.01748355332374164	0.003606807535087413	0.002659740855109384	0.23719394119834447	0.1510347877983577	1.8647516823390775E-4	2.450213837874221E-4	1.9127472399596156E-4	0.059918917009977826	0.029042205373687506	0.003585171087161292	0.253143457307151	0.0024854991883638713	2.1489352406731563E-4
78	Stress-Relief,last	0.25603102176600434	0.0036538328514086264	0.0037265078255935714	9.274338190633567E-5	1.9390033277519975E-4	0.2611110351596525	1.1408021797617921E-4	9.650390899408652E-5	0.007222153424525091	9.898775655867106E-5	0.0824503006102053	0.01029957604297696	0.011907131011145761	0.2214715485446314	0.1414194662988779	1.112108667680497E-4
79	Lecture-Circuit-1,morning	0.32865566286149844	0.030082838626612048	3.4754443230381214E-4	0.03235496442747657	3.7682763891543156E-4	0.2466004173854742	0.028949138542032012	1.875465588525411E-4	0.026675668456018597	1.9237369039889785E-4	0.03383394105195238	0.011972606565091512	0.005903964362520804	0.2005903137296985	0.05306006347917981	2.161281919744226E-4
80	Lecture-Circuit-2,two	0.28183783316096894	0.08930500801887768	0.0017314096708810317	2.0851105879063808E-4	0.003094634672282918	0.2028633272504839	2.5648177312860023E-4	2.1696569424343732E-4	2.8508479247618744E-4	0.028138865166774996	0.1415010602582544	0.017838711815750367	1.8333683859975302E-4	0.21344465623873216	2.332060972657804E-4	0.01886090749248917
81	Blood-Drive,morning	0.29726012996428836	0.15736948353282545	0.004600329178894378	1.6771170673922058E-4	0.012112220752205883	0.2700925460336002	0.00234476558074933	1.7451202394959267E-4	0.011990884993234112	1.790036685906867E-4	0.06462875190833497	0.01862515083397073	0.0012166981192779916	0.1588491298094027	1.8757466784391377E-4	2.0110722609246938E-4
82	Golden-Ticket,	0.3015726712838768	1.7242623360161078E-4	2.904686136283688E-4	0.0011110242476850426	0.0012753284991929032	0.17729065439973768	0.2114701580569181	0.002077518028284799	0.0011663448283061768	0.0040023239029586865	0.06861373069245293	0.02441217986213378	0.0010928371695498298	0.2022220632247582	0.0030496366251472327	1.8063433176779416E-4
83	New-Boss,since	0.2690979975411218	1.8094112411027775E-4	0.0033282496087912714	0.05256431603831286	0.009400806036833489	0.1810067022342494	0.00825694350098263	1.6448712838318784E-4	2.16129923321016E-4	1.687207491504577E-4	0.1173536215699251	0.1425239462268726	1.3899225042595656E-4	0.20112242019595766	1.7679938478043007E-4	0.014298926486781839
84	Two-Weeks,idea	0.271568029213605	2.1572711359826123E-4	0.0027665421534249913	1.8846789962799574E-4	0.008804984997508973	0.2314256378517474	0.055503795178624776	1.9610983188401765E-4	2.576809708103716E-4	0.00260428640053636	0.08103823187232405	0.09302409181842565	0.01698761678590057	0.22056323810417483	0.01462956332110591	2.2599648670080854E-4
85	Dream-Team,gon	0.35255893694632784	0.001219478540737818	3.1269111626026506E-4	1.6216320927844781E-4	3.3903767143989987E-4	0.15983857725007516	0.041553899735121275	1.6873854790200681E-4	0.014695766189842812	0.0384259281816892	0.07282921100194908	0.16998649049160178	0.0011764454347361901	0.14325523060741377	0.0022490904704805335	0.0012283146051438726
86	Michael-Scott-Paper-Company,	0.3533230708060256	2.039634990489378E-4	3.4359617769312925E-4	1.7819073191752862E-4	3.72546714450844E-4	0.1336027477113063	0.13086414460795842	1.8541594907468126E-4	0.010468017685752593	0.00927853319899295	0.06980295271921862	0.02660515314655904	1.5667718368040151E-4	0.2573857634903615	1.9929477793858655E-4	0.007029931600020807
87	Heavy-Competition,hup	0.32970135225997693	0.043936638216023345	3.226999193765507E-4	1.6735382567262152E-4	0.013153327555139711	0.25991361552635084	0.10903507677392392	0.0012410927786753513	0.0023627192449871583	0.001245574838567675	0.047419589855347395	0.0015141561548653525	0.0012141017995032884	0.17878227044510484	0.008722799577336031	0.0012676312291489834
88	Broke,	0.2507281731406294	1.8677642699143365E-4	0.00447589872594999	1.6317541317801656E-4	3.4115390516923434E-4	0.26902892259724503	0.19161848415771435	1.6979179430082905E-4	0.007505297754735566	0.001214475905229767	0.061840348942794415	0.03788733990395062	1.4347471334508053E-4	0.17431851785600652	1.8250111767541895E-4	1.9566764508424913E-4
89	Casual-Friday,least	0.33657245394506907	1.7824653835586628E-4	3.002734781060639E-4	1.5572335873575543E-4	3.255737547961043E-4	0.2279513339490086	0.07663744842378413	1.6203757649107481E-4	0.0031913229476647565	1.662081499314025E-4	0.09277149533661881	0.05601314141600155	1.3692236974066185E-4	0.19912009728655716	0.006130989765538535	1.8673170360042945E-4
90	Cafe-Disco,god	0.30101244244152	2.1703099732505338E-4	3.6560963833986776E-4	0.0026072608934281792	0.03666122299959782	0.1748007127308572	2.3322861746658457E-4	0.09690344988346446	0.0038857192319506077	0.006246507860913757	0.0368014412932443	0.028309687509322817	0.014672638361061667	0.28717300646647553	0.001420890095612723	0.008689150979419413
91	Company-Picnic,	0.3156528760026568	0.01512719031794799	0.0014949239801945978	1.800314432593397E-4	0.0026719520280739277	0.13498286490574685	2.2145004708081038E-4	1.8733129695356192E-4	0.009428373920055785	1.9215288802234526E-4	0.1784151921230291	0.010811086213361746	1.5829565993839796E-4	0.20495119429754446	0.12186586939573762	0.0036592154803966126
92	Gossip,parkour	0.3301749480288916	1.846632417660901E-4	0.0033967146229926994	1.6132924940980757E-4	0.027079434537115633	0.2310146427302388	0.011512427661680638	0.005310590088538838	0.09793224290234834	0.007371998524849854	0.09405409193741848	4.311041310085644E-4	1.4185144294990835E-4	0.18057463210153998	0.01046587493447767	1.9345386477304975E-4
93	The-Meeting,wanted	0.2956601349810508	0.00600977278516793	0.004184252028367363	1.5254300764476838E-4	0.01879695207208337	0.2485815868133641	0.0011601653000513923	0.008911478155613424	0.0011810907637860683	1.6281366707888292E-4	0.17159661988536412	0.08696259662469188	1.3412599280966995E-4	0.15517981262970731	0.0011431372267123932	1.8291806650649013E-4
94	The-Promotion,please	0.2740491345002917	0.0030045298294255457	2.8580244356856413E-4	0.0020381342727891515	3.0988342783191687E-4	0.32658081827371027	0.013411727913291954	0.0010991863571766657	2.026505014946511E-4	1.5819810557703E-4	0.09491527745705161	0.11757084118112217	1.303236905833453E-4	0.16212015524329929	0.003945604232073058	1.7773257071299704E-4
95	Niagara,	0.30314311303178776	0.002250392996922248	1.6284841793348927E-4	8.445402093237636E-5	0.09170983524451345	0.19577543449745757	0.0027960386519787733	8.787843383233319E-5	0.019498984044795966	9.014027623984976E-5	0.048697812783814604	0.022839779014199802	0.009227584174999132	0.3034399771745829	9.445634554960262E-5	1.0127089046010914E-4
96	Mafia,fundamentals	0.33326857271469246	1.6437519054756094E-4	0.007601247911627336	1.436047903145916E-4	0.008540122049111292	0.23493155700483317	0.1814541088540274	0.003811598656582602	1.9634230473371852E-4	1.5327364316600046E-4	0.031534889669953665	0.058062934511837895	1.262669156099444E-4	0.12594515175181392	0.009316040215414517	0.004749913815733825
97	The-Lover,	0.2929073537471916	0.1093539333174675	0.00897321307073065	1.6952431975009147E-4	0.020889456439823192	0.29462750167160895	0.009935644506024785	0.006661144057211735	0.006716526461660085	1.8093832410752322E-4	0.0610040896853919	4.530030035969307E-4	1.4905709571961994E-4	0.18542414959255527	0.002351183932293444	2.0328077486662967E-4
98	Koi-Pond,welcome	0.3704365212533875	1.7409824835540793E-4	0.0022326824610913037	1.5209924542707718E-4	0.011954379817438644	0.18870682526044277	1.870916793810383E-4	0.13009787740073733	2.079562689377599E-4	0.005010832970069169	0.11194581497378824	4.064397080304787E-4	0.022436803347735183	0.15569807828250629	1.7011314233809528E-4	1.8238594033366854E-4
99	Double-Date,morning	0.27325793486192745	0.08789553562294088	2.7639974385842113E-4	0.0019710810863408364	2.9968848064856895E-4	0.21165542888939293	0.01662596901845907	1.491545138120806E-4	0.02121497927508255	1.5299349898626282E-4	0.021424688905178818	0.01409108020179198	1.2603613267315962E-4	0.33681878462725123	1.6031908720400107E-4	0.013879926054451737
100	Murder,arm	0.2876662361254288	1.9488613775699555E-4	0.0014137881986939378	1.7026038330106888E-4	0.027493059365949035	0.27419708086297945	0.01649168669443101	0.0012626477546011864	0.00348923804828093	0.006694626213840921	0.07103831886905583	0.05690012289655599	0.012090025115335901	0.14932280298727799	0.08920008951732487	0.0023751308291860445
101	Shareholder-Meeting,five	0.3062608565535669	1.773660896448601E-4	0.03783898749728918	1.549541632622438E-4	0.007239265071233086	0.17347877236899442	0.00908170275021174	1.6123719194127052E-4	0.0021876594822921955	1.653871648356153E-4	0.1091075493256187	0.058700164304986695	0.09892623872574116	0.19220914407780865	0.0041249058901544604	1.8580934241880162E-4
102	Scott's-Tots,wanted	0.2818884766362846	0.0022099288454890584	0.001320610613552073	0.0032008695524972596	0.005402223478204342	0.2064425288585702	0.005265345539147597	0.0032073182177094614	0.007315049063800933	1.697471889600431E-4	0.024784762098646326	0.12514003114056535	0.005209555174515283	0.3148937057827781	1.7787497226900273E-4	0.013371972837010346
103	Secret-Santa,everyone	0.31424385327513704	0.004673801024437201	0.013757309064402343	0.07733518058588781	0.0037214872927318838	0.2008430913567571	0.01922613483405705	1.8251314976238634E-4	2.3981543997368175E-4	1.8721072986320624E-4	0.07206491811651444	0.02842514866187945	1.54224307197502E-4	0.2600657790626569	0.004669205394991812	2.1032770375017262E-4
104	The-Banker,sold	0.2900000622624733	4.648267163397128E-4	0.03185114507287854	4.0609135058779157E-4	8.490228240288481E-4	0.15431418597634505	0.01862257614540278	4.2255740447322135E-4	5.552245961445053E-4	0.05998062432654272	0.13836677587762314	0.03992028215649585	0.16346458581436268	0.05582775734466071	4.5418684051217676E-4	0.04450009529112894
105	Sabre,big	0.3569900844888163	0.0012169622019046471	3.1204589227940086E-4	0.0300819230119579	3.383380825336155E-4	0.26164976955516434	0.007421151147590041	0.01564430126998405	2.2125862805856685E-4	0.015648635353429287	0.11601148175588569	0.002495893264359349	0.008396109649113343	0.18010181609145046	0.003276176967744744	1.9405263972819683E-4
106	Manager-and-Salesman,many	0.32644344633010924	0.004072638763493676	0.0071156757080903495	0.0021016864346911517	3.19546069807595E-4	0.23834738028727537	0.07034646440261397	1.590376065825625E-4	0.05477666149330507	1.631309658661917E-4	0.09592603567281412	0.08908091949000714	1.3438738373359327E-4	0.11065877289274294	1.7094195319190112E-4	1.8327454567510475E-4
107	The-Delivery,wanted	0.24255465900394435	0.005720633679680569	0.0016898824886374278	8.026210728367093E-5	6.795112057924384E-4	0.20345602606865645	0.0062391959650699505	0.07581596142158646	1.0973761454850073E-4	8.566612272890606E-5	0.02683585782336966	0.002261299292599056	0.026167562940201807	0.40760602633145254	8.976796198011855E-5	6.079499724680156E-4
108	St.-Patrick's-Day,hello	0.34292688345621974	1.7949395441811452E-4	3.0237487072278245E-4	0.015153089902737367	0.017323632523260638	0.21455032046646044	0.0241869328835245	1.6317155798360289E-4	2.1440131311071847E-4	0.0011671231015957285	0.08742222391157688	0.0014187879949460747	0.04412695905820681	0.24950142937997763	1.7538534077851813E-4	0.001187790284480432
109	New-Leads,look	0.19822622911970803	1.9446396282885557E-4	0.01765770955479353	0.0012530238206268107	0.015519047196639327	0.2898500814470643	0.21141976928243458	1.7678025919767417E-4	0.0013154149029399285	1.8133028438164546E-4	0.048138653484962726	0.012368439257846375	1.4937999281942622E-4	0.2020728113466569	0.001273144952300438	2.0372113479940525E-4
110	Happy-Hour,work	0.3602245995676366	1.9899014848969243E-4	3.3521808920939186E-4	0.017907323820881914	0.08238079849858483	0.21347071896674272	0.0013221837059988588	0.05781469838067925	0.0013460314345848053	1.855507811827211E-4	0.0370673236548923	0.020414713658852775	0.011236280595782983	0.1956926706462943	1.9443526729115578E-4	2.0846278289566453E-4
111	Secretary's-Day,oscar	0.2735964614483118	0.03554243341694607	3.447712025505936E-4	1.7880010580747875E-4	3.7382074390304986E-4	0.29364958020848464	0.0024997917085395165	0.0058856907424077315	2.444627702458057E-4	0.0138699763509336	0.08942044218642553	4.777897654663392E-4	1.5721298587313253E-4	0.275364889448211	0.004759688891722845	0.0036341880241708073
